

Reaction test
type	A+B+C
number	1000

max value	65536
unit	us

test	A	B	C
0	7	33	23
1	26	16	7
2	5	14	25
3	5	33	23
4	25	16	7
5	25	16	6
6	6	26	16
7	26	6	16
8	16	25	6
9	6	15	25
10	25	7	34
11	6	24	15
12	26	6	16
13	7	26	16
14	27	7	17
15	6	26	16
16	16	6	26
17	14	5	24
18	8	35	25
19	25	6	15
20	16	7	26
21	26	17	7
22	7	16	35
23	26	7	16
24	15	6	26
25	26	7	16
26	7	16	26
27	26	6	16
28	7	16	27
29	6	15	25
30	16	25	6
31	6	15	25
32	24	15	6
33	5	24	14
34	26	7	16
35	9	18	27
36	6	24	34
37	5	14	24
38	5	13	32
39	17	8	27
40	17	8	28
41	6	15	25
42	15	24	6
43	6	23	33
44	24	6	33
45	8	27	17
46	17	8	27
47	28	18	9
48	24	15	5
49	8	16	35
50	26	7	16
51	6	34	24
52	5	14	33
53	17	8	27
54	5	14	32
55	27	9	18
56	26	8	35
57	17	26	7
58	7	25	34
59	8	36	26
60	8	27	17
61	7	15	25
62	7	16	27
63	32	4	22
64	5	14	24
65	5	23	14
66	15	5	25
67	15	5	33
68	27	7	17
69	26	8	35
70	27	18	8
71	6	15	34
72	18	27	9
73	16	6	26
74	25	15	6
75	6	15	25
76	7	24	34
77	8	17	27
78	15	6	25
79	8	27	17
80	28	7	17
81	27	8	17
82	8	36	17
83	17	26	8
84	15	24	6
85	25	6	15
86	7	16	25
87	17	26	7
88	38	9	28
89	6	25	15
90	24	14	5
91	7	16	34
92	26	7	16
93	7	16	26
94	7	16	25
95	28	8	18
96	9	27	18
97	6	24	33
98	27	18	9
99	9	18	27
100	8	25	35
101	8	17	36
102	7	24	34
103	25	7	34
104	27	8	17
105	16	25	6
106	24	15	5
107	9	18	28
108	7	34	24
109	8	17	27
110	8	17	35
111	25	6	15
112	6	14	25
113	26	17	7
114	25	16	7
115	7	27	17
116	9	18	28
117	24	15	6
118	6	25	15
119	7	24	34
120	16	25	6
121	5	23	33
122	7	16	35
123	27	8	17
124	7	16	26
125	26	17	7
126	6	15	33
127	6	15	26
128	16	25	7
129	9	18	28
130	5	24	14
131	26	6	16
132	7	24	34
133	6	34	24
134	5	24	14
135	6	15	34
136	24	6	33
137	7	16	34
138	17	26	8
139	7	25	35
140	8	27	17
141	25	7	34
142	26	7	16
143	6	15	26
144	6	33	24
145	6	24	34
146	24	15	5
147	5	14	33
148	17	7	27
149	28	18	9
150	25	5	15
151	8	27	17
152	8	27	17
153	16	7	26
154	17	26	8
155	18	9	29
156	25	16	7
157	27	18	9
158	9	18	28
159	25	6	15
160	5	14	33
161	5	23	32
162	24	15	5
163	26	7	16
164	27	18	8
165	5	33	23
166	27	8	17
167	4	13	23
168	15	24	5
169	34	13	24
170	7	16	26
171	25	16	6
172	6	34	24
173	6	24	34
174	8	35	25
175	7	25	35
176	14	4	24
177	26	17	7
178	6	15	34
179	24	6	33
180	6	19	30
181	15	6	26
182	14	5	25
183	17	8	28
184	5	14	24
185	8	36	26
186	28	8	18
187	9	28	18
188	6	24	34
189	26	16	7
190	7	35	25
191	8	26	35
192	6	15	25
193	6	23	33
194	5	33	23
195	7	27	17
196	27	8	17
197	8	17	36
198	18	8	29
199	25	15	6
200	6	25	15
201	28	9	18
202	8	27	17
203	14	5	24
204	26	8	35
205	5	24	14
206	28	9	18
207	17	26	8
208	15	6	26
209	25	6	15
210	6	15	26
211	29	19	7
212	7	27	17
213	6	15	26
214	24	6	33
215	17	26	7
216	16	25	6
217	8	17	28
218	26	7	16
219	8	27	17
220	26	6	16
221	6	15	24
222	24	5	14
223	14	5	25
224	5	14	24
225	16	6	26
226	7	16	34
227	16	7	26
228	5	14	24
229	6	25	16
230	8	27	18
231	7	16	34
232	5	25	15
233	5	15	25
234	7	26	16
235	33	5	23
236	5	25	15
237	6	25	15
238	28	8	18
239	6	24	34
240	7	26	16
241	18	27	8
242	15	24	5
243	17	26	7
244	17	8	27
245	25	16	6
246	6	15	26
247	8	17	27
248	17	7	27
249	25	6	15
250	6	15	33
251	8	17	28
252	7	35	25
253	8	26	36
254	27	8	17
255	6	24	34
256	25	16	6
257	6	15	25
258	34	6	24
259	24	5	14
260	9	18	36
261	16	25	6
262	6	26	16
263	28	8	18
264	25	5	15
265	7	26	16
266	7	16	35
267	18	27	8
268	6	25	15
269	17	8	28
270	25	6	16
271	6	25	15
272	7	24	34
273	5	14	33
274	7	16	27
275	16	25	7
276	23	5	32
277	6	15	25
278	5	14	33
279	14	23	5
280	7	24	34
281	8	35	25
282	6	15	34
283	24	6	33
284	7	26	16
285	7	27	17
286	18	27	8
287	24	5	14
288	27	8	17
289	7	26	16
290	26	6	16
291	6	15	34
292	25	7	34
293	8	27	17
294	25	7	34
295	27	7	17
296	4	24	14
297	9	18	28
298	7	26	16
299	6	24	34
300	6	34	24
301	6	25	15
302	7	27	17
303	17	26	7
304	17	8	27
305	28	19	8
306	26	17	7
307	27	17	8
308	8	27	17
309	5	24	14
310	26	7	16
311	9	26	36
312	5	22	32
313	16	6	25
314	25	16	7
315	5	33	23
316	6	25	15
317	16	25	7
318	26	6	16
319	27	8	17
320	7	16	34
321	17	26	8
322	7	26	16
323	24	15	5
324	7	16	27
325	5	14	25
326	27	17	8
327	5	25	15
328	8	27	17
329	27	7	17
330	8	17	26
331	6	24	34
332	17	26	8
333	6	25	15
334	5	14	25
335	6	15	34
336	33	5	23
337	7	16	26
338	17	26	8
339	26	7	16
340	7	27	17
341	26	6	16
342	8	26	17
343	25	7	34
344	20	29	7
345	18	27	8
346	15	24	5
347	14	23	5
348	11	29	39
349	5	14	25
350	26	17	8
351	7	26	16
352	25	5	15
353	6	15	25
354	26	17	7
355	5	14	33
356	18	27	9
357	7	25	35
358	28	18	9
359	5	14	33
360	33	5	23
361	6	23	33
362	14	4	24
363	27	18	9
364	5	14	25
365	4	14	24
366	16	25	6
367	14	5	24
368	16	7	27
369	8	17	36
370	17	7	27
371	15	5	25
372	17	8	28
373	15	24	5
374	7	25	35
375	7	35	25
376	16	7	25
377	18	8	36
378	15	5	25
379	5	33	23
380	10	19	29
381	23	5	32
382	5	14	33
383	14	5	24
384	24	6	33
385	8	28	18
386	27	8	17
387	9	27	18
388	27	8	17
389	27	18	9
390	8	17	26
391	26	17	7
392	6	15	25
393	25	16	6
394	9	27	18
395	6	24	34
396	16	25	7
397	16	7	34
398	15	6	26
399	7	35	25
400	16	7	26
401	14	4	24
402	16	7	27
403	7	26	16
404	7	26	16
405	16	26	6
406	25	15	6
407	26	16	7
408	24	15	5
409	7	16	26
410	25	7	34
411	16	25	7
412	25	7	34
413	6	25	16
414	5	14	33
415	16	25	6
416	15	6	26
417	8	27	17
418	5	14	32
419	27	17	8
420	25	16	7
421	7	16	34
422	14	23	5
423	27	8	17
424	8	16	35
425	17	26	8
426	27	8	17
427	5	14	24
428	7	16	26
429	5	23	32
430	23	5	32
431	8	27	17
432	17	8	27
433	17	26	8
434	14	23	5
435	5	23	32
436	28	18	9
437	8	17	28
438	6	15	25
439	17	26	7
440	25	6	16
441	7	16	34
442	16	25	7
443	18	9	28
444	18	8	28
445	5	14	33
446	25	5	15
447	17	8	27
448	18	9	28
449	26	8	35
450	7	16	35
451	8	17	27
452	15	24	6
453	7	34	25
454	18	8	28
455	6	15	25
456	15	24	6
457	6	33	23
458	7	26	16
459	25	6	15
460	28	8	18
461	7	26	16
462	17	7	27
463	25	6	15
464	27	8	17
465	16	25	6
466	26	8	35
467	7	16	34
468	14	5	24
469	18	8	28
470	24	5	14
471	7	16	27
472	24	5	14
473	16	25	7
474	16	25	7
475	26	8	35
476	17	8	27
477	7	34	24
478	17	26	7
479	25	6	15
480	26	17	8
481	8	17	36
482	6	25	15
483	26	6	16
484	24	15	5
485	7	26	16
486	16	6	26
487	27	18	9
488	8	17	35
489	5	33	23
490	7	24	34
491	8	17	28
492	17	26	8
493	15	5	33
494	17	25	7
495	16	25	7
496	17	7	27
497	27	17	8
498	8	27	17
499	18	27	9
500	5	25	15
501	7	25	34
502	25	6	15
503	16	7	26
504	27	18	8
505	25	16	7
506	14	23	5
507	6	15	25
508	7	27	17
509	16	7	26
510	16	25	7
511	18	27	9
512	14	5	24
513	26	7	16
514	7	26	16
515	27	8	17
516	6	15	25
517	6	26	16
518	5	14	25
519	24	14	5
520	6	15	25
521	7	26	16
522	7	16	35
523	17	26	8
524	5	23	33
525	6	15	25
526	7	25	35
527	6	33	23
528	14	5	24
529	26	17	7
530	8	35	25
531	7	27	17
532	27	8	17
533	8	35	25
534	5	25	15
535	8	28	18
536	6	23	33
537	17	8	28
538	26	6	16
539	5	14	24
540	25	5	15
541	5	26	16
542	17	8	28
543	15	24	6
544	7	24	34
545	7	35	25
546	8	17	26
547	5	14	25
548	27	18	9
549	26	17	7
550	7	25	16
551	24	5	14
552	16	7	26
553	18	27	9
554	26	7	16
555	6	15	26
556	8	17	36
557	8	16	27
558	8	17	27
559	25	16	7
560	6	15	33
561	23	5	32
562	9	18	28
563	17	8	27
564	15	24	6
565	26	16	7
566	6	26	16
567	5	15	25
568	8	27	17
569	15	24	6
570	27	18	8
571	4	13	32
572	23	5	32
573	19	27	9
574	8	17	27
575	7	16	27
576	16	7	26
577	17	26	8
578	17	8	27
579	26	16	7
580	25	15	6
581	7	27	17
582	6	15	33
583	24	6	33
584	26	17	7
585	6	34	24
586	5	14	24
587	7	16	34
588	17	8	35
589	16	7	25
590	5	23	33
591	26	7	16
592	6	24	33
593	16	25	7
594	16	7	25
595	26	8	35
596	8	17	27
597	5	23	14
598	27	8	17
599	27	8	17
600	7	16	25
601	7	35	25
602	6	26	16
603	6	15	34
604	23	5	32
605	5	14	32
606	26	7	16
607	8	27	17
608	6	15	25
609	23	5	32
610	6	15	34
611	26	7	16
612	7	25	35
613	25	6	15
614	6	14	25
615	7	16	27
616	25	15	6
617	27	17	8
618	6	14	25
619	17	26	7
620	15	24	6
621	26	7	16
622	6	15	26
623	27	18	8
624	8	97	26
625	16	6	26
626	8	17	35
627	15	5	24
628	6	15	25
629	23	5	32
630	16	25	7
631	6	24	34
632	6	34	24
633	5	23	33
634	25	6	16
635	5	14	24
636	8	27	17
637	8	27	17
638	5	25	15
639	25	6	15
640	25	5	15
641	5	17	28
642	9	27	18
643	15	6	25
644	16	25	7
645	25	16	7
646	25	16	7
647	15	5	25
648	6	33	23
649	17	26	8
650	16	6	26
651	26	17	7
652	27	18	8
653	7	27	17
654	7	26	16
655	35	5	14
656	5	24	14
657	7	16	26
658	4	13	24
659	15	24	5
660	5	22	32
661	16	7	27
662	24	14	5
663	8	27	17
664	26	17	7
665	7	16	35
666	26	17	7
667	6	25	15
668	5	25	15
669	4	24	14
670	7	16	27
671	6	34	24
672	17	8	27
673	15	5	25
674	6	15	33
675	8	27	17
676	6	25	15
677	6	15	34
678	25	6	15
679	25	16	7
680	8	27	17
681	14	5	24
682	16	5	26
683	25	16	7
684	7	27	17
685	15	6	26
686	25	6	15
687	8	28	18
688	17	26	8
689	18	27	8
690	26	6	16
691	6	25	15
692	26	17	8
693	5	14	33
694	24	5	14
695	6	15	34
696	27	7	17
697	7	26	16
698	25	7	34
699	27	18	8
700	6	33	23
701	18	27	8
702	25	6	15
703	6	24	33
704	26	17	8
705	7	16	27
706	7	26	16
707	7	16	26
708	26	17	8
709	16	25	6
710	23	5	32
711	28	8	18
712	5	23	33
713	7	26	16
714	14	5	24
715	14	5	24
716	15	5	25
717	8	35	25
718	16	25	7
719	17	8	27
720	16	25	7
721	8	17	28
722	7	16	26
723	35	7	25
724	5	14	33
725	27	7	17
726	5	23	33
727	7	26	16
728	6	23	33
729	18	27	8
730	18	26	8
731	17	26	7
732	35	7	25
733	24	5	14
734	5	16	25
735	25	5	15
736	6	26	16
737	16	7	26
738	25	16	6
739	26	17	7
740	8	27	17
741	24	5	14
742	25	5	15
743	7	16	35
744	6	25	15
745	7	16	25
746	16	25	6
747	27	7	17
748	24	15	6
749	25	16	6
750	24	5	14
751	25	5	15
752	15	24	6
753	8	27	17
754	7	25	16
755	5	24	14
756	8	17	27
757	17	26	8
758	15	5	33
759	5	32	22
760	6	24	34
761	17	26	8
762	27	8	17
763	6	15	33
764	35	7	25
765	6	15	33
766	7	16	35
767	5	15	25
768	6	15	33
769	24	6	33
770	7	16	27
771	24	5	14
772	8	27	18
773	9	18	28
774	37	9	27
775	24	15	6
776	6	15	34
777	18	27	9
778	33	5	23
779	5	25	15
780	25	6	15
781	6	25	15
782	7	16	26
783	5	14	33
784	15	24	6
785	29	9	19
786	26	17	7
787	27	17	8
788	5	24	14
789	27	8	17
790	27	18	8
791	5	14	33
792	36	8	26
793	7	26	17
794	7	16	34
795	16	7	26
796	6	15	26
797	16	25	7
798	7	16	26
799	26	7	16
800	14	5	24
801	5	33	23
802	8	17	27
803	7	16	35
804	5	33	23
805	26	7	16
806	27	17	8
807	5	14	24
808	16	25	6
809	6	25	15
810	15	6	25
811	7	16	44
812	6	15	24
813	24	15	5
814	8	27	18
815	7	16	35
816	6	25	15
817	7	26	16
818	18	26	8
819	16	25	6
820	28	8	18
821	7	25	16
822	16	25	7
823	27	8	17
824	26	7	16
825	7	16	26
826	15	24	6
827	27	7	17
828	6	16	26
829	25	6	15
830	5	25	15
831	7	26	16
832	5	23	33
833	6	15	26
834	16	25	6
835	25	6	16
836	8	26	36
837	4	32	22
838	8	17	27
839	15	6	25
840	25	6	16
841	8	17	27
842	6	23	33
843	24	15	6
844	26	8	35
845	7	16	26
846	6	15	25
847	15	24	6
848	6	23	33
849	8	27	17
850	15	5	24
851	27	18	8
852	17	26	7
853	29	7	19
854	7	26	16
855	8	27	17
856	16	6	25
857	7	26	16
858	16	7	27
859	27	8	17
860	8	27	17
861	8	28	18
862	28	8	18
863	27	8	17
864	7	24	34
865	25	7	34
866	6	26	16
867	32	12	22
868	7	16	27
869	35	7	25
870	7	26	16
871	24	5	15
872	8	26	17
873	15	6	26
874	26	7	34
875	16	6	26
876	27	18	8
877	5	14	33
878	7	26	16
879	6	25	15
880	35	7	25
881	6	25	15
882	16	6	26
883	15	5	24
884	5	23	33
885	39	20	29
886	7	39	16
887	16	25	6
888	8	25	35
889	8	17	35
890	5	25	15
891	5	14	32
892	14	5	24
893	25	7	34
894	8	17	35
895	6	26	16
896	17	7	27
897	7	16	34
898	28	9	18
899	8	17	26
900	18	27	9
901	14	5	24
902	8	17	28
903	5	24	14
904	25	6	15
905	6	16	27
906	7	26	16
907	25	6	15
908	6	25	15
909	25	5	15
910	7	16	27
911	16	25	7
912	34	6	24
913	7	25	35
914	7	16	26
915	24	14	5
916	18	26	8
917	9	17	27
918	36	8	26
919	26	7	16
920	7	26	16
921	27	8	18
922	4	24	14
923	28	8	18
924	17	8	27
925	26	7	16
926	27	8	17
927	26	7	16
928	6	15	33
929	17	26	7
930	8	27	17
931	7	26	17
932	25	6	15
933	15	24	6
934	25	15	6
935	5	32	22
936	7	16	26
937	15	24	6
938	5	24	15
939	6	25	15
940	6	25	15
941	16	6	26
942	17	7	27
943	5	24	14
944	5	23	33
945	5	14	24
946	27	18	8
947	8	35	25
948	26	7	16
949	8	17	27
950	6	15	26
951	5	14	33
952	33	5	23
953	6	15	29
954	6	34	24
955	6	15	25
956	6	15	25
957	27	17	8
958	9	17	27
959	6	34	24
960	25	5	15
961	25	6	15
962	7	26	16
963	15	6	25
964	27	18	8
965	15	24	6
966	16	7	26
967	8	16	35
968	16	6	26
969	6	23	33
970	6	23	33
971	27	17	8
972	25	16	6
973	5	14	24
974	18	27	8
975	5	23	33
976	23	5	32
977	7	16	26
978	26	17	7
979	7	16	34
980	6	26	16
981	5	14	32
982	15	6	33
983	25	16	6
984	6	15	34
985	26	7	16
986	5	14	24
987	6	15	25
988	18	27	9
989	37	9	27
990	6	15	34
991	18	26	8
992	6	23	33
993	8	16	35
994	4	13	23
995	18	27	9
996	7	15	26
997	26	8	35
998	7	27	17
999	5	24	14
