

Reaction test
type	A+B+C
number	1000

max value	65536
unit	us

test	A	B	C
0	9	36	26
1	2304	2295	2316
2	3453	3443	3434
3	4426	4435	4446
4	2596	2605	2586
5	2690	2681	2672
6	2130	2111	2120
7	101	110	121
8	3540	3517	3530
9	807	797	788
10	1885	1904	1894
11	28	9	18
12	408	399	389
13	198	218	208
14	24	15	6
15	20	29	10
16	16	7	26
17	2247	2266	2256
18	1475	1465	1456
19	886	877	867
20	1827	1836	1818
21	1991	1981	2002
22	2243	2233	2253
23	2214	2205	2225
24	6	15	26
25	11	20	30
26	2166	2157	2177
27	3293	3274	3283
28	350	341	360
29	631	651	641
30	996	987	977
31	1023	1042	1032
32	25	15	6
33	19	28	10
34	3799	3779	3789
35	28	9	19
36	24	14	5
37	10	29	19
38	393	384	374
39	22	31	12
40	2859	2868	2878
41	13	32	22
42	3201	3220	3210
43	1196	1187	1177
44	30	21	11
45	292	283	273
46	3846	3827	3837
47	18	9	28
48	9	28	18
49	16	25	7
50	2439	2429	2420
51	215	206	196
52	2263	2253	2244
53	177	157	167
54	8	16	27
55	18	9	28
56	459	439	449
57	2957	2966	2977
58	2584	2574	2594
59	11	30	20
60	3431	3456	3446
61	597	588	578
62	26	17	7
63	484	475	466
64	1286	1267	1276
65	1807	1788	1797
66	1271	1261	1252
67	5	14	26
68	16	25	6
69	4630	4621	4641
70	17	26	8
71	3392	3373	3382
72	2461	2441	2451
73	395	386	406
74	8	17	27
75	1161	1170	1184
76	2741	2722	2731
77	16	25	7
78	3360	3350	3370
79	15	24	6
80	558	548	539
81	30	21	11
82	720	700	710
83	994	984	975
84	30	21	11
85	9	28	18
86	9	18	28
87	6	25	15
88	1939	1929	1949
89	2411	2401	2423
90	3182	3201	3191
91	373	353	363
92	4276	4256	4266
93	15	6	25
94	26	17	8
95	1237	1256	1246
96	25	16	6
97	1012	1003	994
98	4	14	27
99	4971	4962	4953
100	5	24	14
101	1784	1774	1765
102	30	10	20
103	2174	2193	2183
104	7	16	27
105	1544	1563	1554
106	30	21	11
107	5	25	15
108	307	316	298
109	2766	2785	2775
110	4550	4559	4570
111	55	74	64
112	450	441	431
113	1522	1531	1542
114	48	57	38
115	19	28	10
116	22	31	12
117	5364	5374	5386
118	2030	2010	2021
119	1512	1524	1536
120	2289	2309	2299
121	18	26	8
122	966	975	957
123	5870	5860	5880
124	230	239	221
125	1993	2002	2013
126	10	19	31
127	27	8	17
128	2804	2813	2795
129	4391	4400	4381
130	4098	4089	4079
131	1657	1647	1638
132	1752	1743	1762
133	5	24	14
134	1756	1747	1737
135	63	54	45
136	30	11	20
137	1917	1908	1898
138	2144	2153	2135
139	2708	2699	2718
140	2722	2742	2732
141	280	300	290
142	3331	3350	3340
143	510	530	520
144	222	242	232
145	25	6	15
146	1696	1705	1687
147	2737	2746	2728
148	1951	1971	1961
149	1044	1035	1054
150	19	28	10
151	621	629	611
152	1104	1083	1093
153	908	917	928
154	5103	5112	5094
155	3468	3488	3478
156	17	8	28
157	2588	2569	2578
158	29	20	10
159	15	6	25
160	10	30	20
161	24	15	6
162	398	418	408
163	3525	3534	3516
164	28	19	10
165	33	53	42
166	2817	2797	2807
167	5585	5575	5566
168	1427	1436	1447
169	6	15	25
170	842	833	852
171	7	16	27
172	779	770	760
173	3258	3239	3248
174	19	28	9
175	2373	2382	2364
176	175	166	185
177	520	501	510
178	2352	2332	2342
179	26	7	16
180	3042	3051	3063
181	25	6	15
182	27	17	8
183	3618	3598	3608
184	325	306	315
185	16	25	6
186	1073	1082	1093
187	21	11	31
188	3141	3121	3131
189	483	474	465
190	10	29	20
191	599	580	589
192	21	11	30
193	26	17	8
194	7	26	16
195	21	11	31
196	2217	2236	2226
197	1563	1553	1573
198	1595	1615	1605
199	935	926	945
200	1595	1604	1615
201	394	413	403
202	5	24	14
203	29	9	19
204	2656	2646	2666
205	2885	2894	2875
206	24	15	6
207	17	7	27
208	2469	2478	2460
209	976	995	985
210	1268	1287	1277
211	29	19	10
212	5	24	14
213	1301	1280	1292
214	5	14	25
215	885	875	895
216	30	21	11
217	146	126	136
218	1625	1615	1606
219	123	113	134
220	305	295	286
221	9	18	28
222	12	38	28
223	10	19	30
224	18	9	28
225	2099	2118	2108
226	8	28	18
227	636	616	626
228	2074	2064	2084
229	492	501	511
230	7	16	26
231	12	31	21
232	31	11	21
233	19	9	28
234	1154	1173	1163
235	2476	2454	2466
236	24	5	14
237	19	10	29
238	11	20	30
239	30	10	20
240	3742	3761	3751
241	16	25	6
242	2285	2294	2275
243	21	30	11
244	1876	1896	1886
245	2577	2558	2567
246	16	7	26
247	1443	1423	1433
248	3168	3177	3158
249	2867	2858	2848
250	17	26	8
251	7	26	16
252	3212	3221	3232
253	20	10	30
254	5349	5368	5359
255	3100	3109	3091
256	5	25	15
257	867	886	877
258	783	763	773
259	8	27	18
260	389	399	412
261	536	545	527
262	17	8	27
263	864	855	874
264	1876	1857	1866
265	2458	2438	2448
266	19	10	29
267	2617	2637	2627
268	16	25	7
269	2704	2694	2685
270	2987	2960	2977
271	980	989	970
272	20	11	30
273	29	20	11
274	2459	2450	2440
275	5712	5721	5703
276	30	20	11
277	15	6	25
278	6	15	26
279	1537	1528	1518
280	20	10	30
281	2737	2746	2756
282	1847	1838	1858
283	280	289	300
284	29	10	19
285	3148	3157	3168
286	3959	3950	3940
287	19	10	29
288	576	585	567
289	16	7	26
290	3028	3048	3038
291	466	456	476
292	1226	1216	1236
293	1699	1708	1690
294	73	82	63
295	2891	2900	2910
296	5203	5194	5184
297	21	11	31
298	19	10	29
299	281	262	271
300	1360	1379	1369
301	27	8	17
302	3641	3632	3652
303	29	20	10
304	2888	2897	2878
305	2249	2229	2239
306	1160	1151	1141
307	568	577	588
308	18	9	28
309	136	145	156
310	21	30	12
311	414	423	405
312	943	952	962
313	1647	1638	1658
314	31	21	12
315	6	26	16
316	2660	2680	2670
317	2620	2611	2601
318	10	29	19
319	27	8	17
320	590	581	601
321	970	961	951
322	15	24	36
323	817	797	807
324	68	49	58
325	5	24	14
326	794	813	803
327	1736	1727	1717
328	2567	2586	2576
329	1308	1288	1298
330	2062	2053	2073
331	18	9	28
332	3343	3351	3362
333	2089	2098	2108
334	3222	3231	3212
335	844	853	835
336	2034	2043	2054
337	1709	1718	1699
338	1960	1969	1980
339	19	10	29
340	1408	1428	1418
341	3489	3479	3470
342	4054	4063	4074
343	8	27	18
344	289	279	300
345	471	480	461
346	553	562	544
347	2348	2367	2357
348	4823	4832	4814
349	7	26	16
350	22	31	12
351	2108	2088	2098
352	1894	1903	1885
353	2823	2803	2813
354	8	17	27
355	14	5	24
356	2884	2865	2874
357	8	27	17
358	1597	1607	1617
359	30	20	11
360	3254	3245	3264
361	324	305	314
362	8	27	17
363	51	42	33
364	2719	2710	2700
365	970	959	982
366	19	10	30
367	3282	3291	3302
368	8	27	17
369	7	26	16
370	1812	1832	1822
371	261	242	251
372	1621	1612	1632
373	5302	5311	5293
374	2030	2039	2021
375	25	6	15
376	3578	3559	3568
377	2660	2640	2650
378	28	18	9
379	8	17	28
380	589	580	599
381	3854	3863	3873
382	29	19	10
383	5	14	25
384	676	696	686
385	2396	2386	2406
386	28	9	18
387	2138	2129	2120
388	1374	1383	1393
389	29	9	19
390	1198	1207	1188
391	3082	3101	3091
392	17	26	7
393	19	10	29
394	5116	5125	5136
395	3512	3521	3502
396	26	7	16
397	802	793	784
398	2491	2510	2500
399	5	14	24
400	1555	1564	1545
401	19	28	9
402	18	8	28
403	474	483	465
404	16	25	7
405	20	29	11
406	4605	4614	4596
407	413	393	403
408	903	893	884
409	1028	1019	1009
410	5	24	14
411	1017	1008	998
412	715	696	705
413	2480	2461	2470
414	3121	3102	3111
415	1758	1739	1748
416	832	823	813
417	1621	1601	1611
418	27	8	17
419	186	199	176
420	2014	2023	2005
421	710	719	729
422	1965	1974	1984
423	3750	3771	3761
424	18	8	28
425	606	625	615
426	26	17	7
427	16	7	26
428	3771	3791	3781
429	20	10	30
430	2245	2226	2235
431	14	5	24
432	19	27	9
433	3921	3912	3903
434	156	137	146
435	5073	5092	5082
436	3426	3435	3416
437	194	185	204
438	3853	3844	3864
439	2023	2032	2013
440	502	492	483
441	227	217	237
442	30	20	11
443	4235	4255	4245
444	726	735	745
445	3000	3009	2991
446	15	24	6
447	2126	2135	2146
448	2368	2349	2358
449	3483	3492	3473
450	4516	4506	4526
451	20	10	30
452	18	9	28
453	356	365	376
454	108	89	98
455	4305	4286	4295
456	25	5	15
457	2387	2396	2378
458	4899	4908	4889
459	3785	3794	3776
460	316	325	335
461	2292	2273	2282
462	2195	2204	2185
463	31	11	21
464	1689	1708	1699
465	4370	4361	4351
466	14	5	24
467	4078	4098	4088
468	2864	2854	2874
469	70	60	50
470	25	16	6
471	1650	1659	1641
472	2410	2429	2419
473	2071	2080	2061
474	4454	4463	4474
475	19	9	29
476	1655	1646	1665
477	26	7	16
478	2695	2704	2685
479	1974	1982	1964
480	2769	2778	2759
481	2540	2529	2551
482	18	8	28
483	66	47	56
484	21	30	12
485	267	276	257
486	28	9	18
487	2874	2883	2865
488	3029	3020	3039
489	3428	3419	3410
490	576	585	596
491	24	15	6
492	2875	2895	2885
493	14	5	25
494	4241	4250	4231
495	2545	2564	2555
496	342	323	332
497	5826	5845	5835
498	26	7	16
499	2846	2855	2837
500	5297	5306	5317
501	2035	2026	2016
502	5	24	14
503	4265	8	4277
504	516	535	525
505	2597	2606	2587
506	3354	3363	3373
507	6	15	26
508	1877	1886	1868
509	464	454	445
510	248	238	229
511	4558	4567	4548
512	29	10	19
513	151	160	142
514	21	30	12
515	3062	3052	3043
516	16	7	26
517	18	27	8
518	3783	3774	3764
519	6	15	29
520	1864	1855	1845
521	10	19	29
522	3321	3330	3311
523	314	323	334
524	1518	1498	1508
525	3491	3482	3473
526	15	24	6
527	1331	1321	1312
528	26	7	17
529	3410	3419	3400
530	26	17	7
531	2456	2475	2465
532	31	12	21
533	6	25	15
534	17	8	68
535	12	31	21
536	4753	4743	4734
537	27	7	17
538	1610	1591	1600
539	638	629	620
540	15	24	5
541	117	97	107
542	5144	5134	5125
543	628	619	639
544	2960	2951	2942
545	30	11	20
546	30	20	11
547	1436	1455	1445
548	241	250	232
549	2110	2119	2131
550	4260	4279	4269
551	466	475	457
552	1651	1662	1642
553	1112	1102	1093
554	1183	1203	1193
555	1432	1423	1414
556	19	28	10
557	9	28	19
558	3046	3055	3037
559	388	378	398
560	871	862	852
561	1296	1304	1315
562	1530	1510	1520
563	728	718	709
564	15	5	25
565	2724	2715	2705
566	4068	4059	4078
567	415	406	425
568	478	468	488
569	1952	1971	1961
570	17	8	27
571	2724	2715	2734
572	1227	1236	1218
573	1055	1045	1036
574	9	28	18
575	875	866	886
576	17	8	27
577	570	551	560
578	1837	1856	1847
579	978	959	968
580	2539	2520	2529
581	5330	5340	5350
582	2781	2790	2801
583	5	24	14
584	1669	1659	1679
585	2567	2587	2577
586	1161	1152	1143
587	9	18	28
588	54	44	35
589	26	7	17
590	25	16	6
591	1719	1710	1700
592	3049	3069	3059
593	2444	2424	2434
594	2413	2422	2404
595	5	14	24
596	900	909	920
597	3374	3364	3355
598	6	25	15
599	15	5	25
600	2859	2878	2868
601	28	9	18
602	6	15	26
603	5278	5298	5288
604	1231	1239	1250
605	3029	3019	3039
606	3808	3789	3798
607	3058	3049	3039
608	19	10	29
609	4812	4803	4793
610	1108	1089	1098
611	3688	3707	3697
612	30	11	20
613	4957	4948	4938
614	2352	2342	2333
615	5344	5353	5364
616	1530	1521	1512
617	1746	1736	1727
618	8	27	17
619	1905	1914	1895
620	10	29	19
621	7	27	17
622	17	26	8
623	4649	4629	4639
624	2564	2545	2554
625	2689	2698	2679
626	400	409	391
627	1603	1584	1593
628	2454	2463	2474
629	28	8	18
630	2616	2625	2635
631	1215	1224	1206
632	11	20	30
633	1809	1790	1799
634	2952	2933	2942
635	26	17	8
636	2889	2898	2880
637	20	29	10
638	28	18	9
639	2274	2283	2293
640	27	17	8
641	2303	2312	2294
642	992	1012	1002
643	908	899	918
644	2400	2409	2420
645	373	382	363
646	377	386	368
647	2752	2742	2733
648	28	19	9
649	2653	2663	2675
650	5259	5268	5279
651	6	25	15
652	2740	2749	2730
653	4366	4347	4356
654	636	645	626
655	624	633	644
656	2645	2636	2655
657	310	301	292
658	6	25	15
659	2322	2313	2304
660	5612	5620	5602
661	2378	2369	2360
662	3023	3003	3013
663	17	8	27
664	462	453	444
665	3022	3013	3032
666	4343	4352	4362
667	5415	5434	5424
668	88	4134	97
669	3465	3474	3455
670	2352	2342	2362
671	9	18	29
672	1772	1762	1753
673	26	17	7
674	203	183	193
675	24	15	5
676	5	24	14
677	1213	1222	1204
678	28	18	9
679	1997	2006	1988
680	29	20	11
681	6	15	25
682	28	19	9
683	2925	2945	2935
684	7	26	16
685	1035	1043	1025
686	30	21	12
687	25	6	15
688	123	114	104
689	20	11	30
690	2213	2204	2195
691	18	27	9
692	28	19	9
693	3805	3795	3815
694	2308	2288	2298
695	1365	1384	1374
696	2691	2681	2672
697	3511	3491	3501
698	1125	1144	1135
699	2685	2665	2674
700	1435	1416	1425
701	20	11	30
702	1657	1666	1676
703	3056	3065	3075
704	27	8	17
705	17	7	27
706	1775	1766	1757
707	816	797	806
708	2235	2244	2225
709	6	15	26
710	258	267	278
711	825	806	815
712	1266	1247	1256
713	1245	1235	1226
714	1904	1885	1894
715	866	875	885
716	28	9	18
717	1140	1131	1121
718	1669	1678	1659
719	37	56	46
720	17	26	8
721	8	17	27
722	1052	1043	1033
723	532	512	522
724	3119	3129	3140
725	16	25	7
726	3055	3075	3065
727	2210	2200	2220
728	1335	1355	1345
729	2991	3010	3000
730	19	10	29
731	1003	994	984
732	2578	2559	2568
733	25	6	15
734	17	7	27
735	16	25	6
736	1888	1879	1869
737	2839	2830	2849
738	17	8	27
739	2498	2488	2508
740	2242	2233	2224
741	456	437	446
742	5456	5465	5443
743	3224	3234	3244
744	3797	3806	3817
745	1372	1391	1381
746	3222	3242	3232
747	20	29	10
748	9	28	18
749	940	921	930
750	1557	1566	1577
751	5347	5337	5328
752	1986	1977	1996
753	1846	1865	1855
754	1130	1121	1140
755	2499	2508	2490
756	10	29	19
757	1990	2009	1999
758	10	19	29
759	1332	1312	1322
760	2099	2090	2081
761	11	20	31
762	452	461	472
763	21	30	11
764	5402	5383	5392
765	2748	2738	2729
766	1496	1486	1477
767	4144	4153	4134
768	8	27	17
769	30	11	20
770	1801	1792	1811
771	2966	2975	2957
772	2250	6284	2241
773	15	5	25
774	3226	3207	3216
775	19	10	29
776	3026	3017	3036
777	4253	4244	4234
778	2037	2018	2027
779	2262	2252	2272
780	1283	1292	1273
781	12	21	31
782	3791	3800	3811
783	3359	3350	3370
784	860	841	850
785	170	150	160
786	1336	1356	1346
787	1402	1383	1392
788	2343	2352	2333
789	2747	2756	2738
790	942	951	962
791	1266	1257	1247
792	244	224	234
793	474	483	494
794	3388	3397	3378
795	3178	3187	3198
796	3465	3474	3455
797	2935	2955	2945
798	19	28	9
799	143	162	152
800	221	230	212
801	4178	4169	4159
802	520	540	530
803	1234	1243	1224
804	25	5	15
805	2365	2345	2355
806	3934	3953	3943
807	2227	2236	2247
808	30	11	20
809	574	583	594
810	7	16	26
811	2313	2322	2304
812	2940	2931	2951
813	1484	1503	1493
814	1524	1533	1514
815	5493	5502	5512
816	245	254	265
817	8	37	24
818	26	16	7
819	1876	1857	1866
820	18	27	9
821	4904	4895	4886
822	9	18	29
823	2444	2435	2425
824	3605	3624	3614
825	2053	2062	2073
826	7	16	26
827	5	14	24
828	25	16	7
829	2039	2030	2019
830	699	707	718
831	1636	1655	1645
832	10	29	19
833	4233	4223	4243
834	4662	4642	4652
835	419	428	409
836	6482	6491	6472
837	1426	1445	1435
838	3454	3444	3435
839	1652	1671	1661
840	26	6	16
841	5328	5319	5338
842	908	917	898
843	31	22	12
844	1503	1484	1493
845	4163	4154	4145
846	2063	2043	2053
847	19	9	69
848	1539	1548	1559
849	93	112	103
850	16	7	26
851	10	19	29
852	1224	1233	1244
853	25	6	15
854	21	12	31
855	4393	4402	4412
856	3775	3766	3785
857	5565	5584	5574
858	3309	3318	3300
859	1242	1251	1261
860	3954	3944	3964
861	2640	2649	2631
862	16	25	6
863	736	745	727
864	28	9	18
865	938	947	928
866	21	30	11
867	1432	1412	1422
868	2974	2964	2955
869	100	109	91
870	10	19	30
871	10	19	29
872	24	5	14
873	2528	2547	2537
874	8	17	27
875	879	869	860
876	2032	2022	2042
877	2628	2609	2618
878	9	18	29
879	1818	1838	1828
880	865	884	874
881	6	26	16
882	29	20	11
883	12	21	31
884	1469	1460	1479
885	1179	1188	1169
886	19	9	29
887	1582	1573	1564
888	5324	5315	5305
889	9	18	28
890	8	17	28
891	200	190	181
892	24	5	14
893	3838	3829	3848
894	1513	1504	1494
895	17	26	37
896	286	295	305
897	2157	2137	2147
898	3262	3281	3272
899	4876	4856	4866
900	3983	3973	3964
901	3868	3859	3879
902	8	17	28
903	1759	1749	1740
904	1686	1667	1676
905	4628	4637	4649
906	7	26	16
907	3607	3597	3588
908	5	14	24
909	15	24	5
910	1680	1671	1661
911	2483	2473	2493
912	6	15	25
913	9	18	28
914	2188	2197	2207
915	10	19	30
916	26	6	16
917	613	604	623
918	2652	2643	2634
919	111	120	131
920	20	11	30
921	1149	1157	1139
922	8	17	27
923	19	9	29
924	20	10	29
925	20	5	36
926	10	29	19
927	194	213	204
928	16	6	26
929	6	14	25
930	28	9	18
931	28	9	18
932	7	26	16
933	880	889	900
934	5279	5270	5260
935	2726	2746	2736
936	25	6	15
937	19	27	9
938	2445	2454	2436
939	2996	2985	2976
940	638	658	648
941	1954	1945	1936
942	565	556	547
943	3467	3448	3457
944	14	23	34
945	28	9	18
946	27	8	17
947	16	25	7
948	289	298	309
949	26	17	7
950	28	19	9
951	2621	2640	2630
952	18	27	9
953	1374	1394	1384
954	17	26	8
955	5425	5406	5415
956	2730	2749	2739
957	2036	2026	2046
958	2611	2601	2592
959	3083	3092	3103
960	191	182	172
961	7	16	26
962	3576	3585	3595
963	3091	3100	3110
964	4773	4793	4783
965	4498	4489	4479
966	966	956	976
967	2431	2450	2440
968	7	31	21
969	15	6	26
970	3719	3700	3709
971	16	6	26
972	2764	2783	2773
973	2171	2180	2162
974	246	237	256
975	1621	1602	1611
976	1177	1168	1158
977	17	8	28
978	5752	5771	5761
979	14	4	24
980	1668	1659	1649
981	2549	2558	2540
982	15	6	26
983	25	5	15
984	2395	2404	2386
985	10	29	19
986	2935	2944	2955
987	5	24	14
988	298	278	288
989	261	270	281
990	21	12	31
991	80	71	61
992	1459	1440	1449
993	343	352	363
994	21	30	12
995	2789	2780	2770
996	603	622	612
997	3943	3934	3953
998	2822	2841	2831
999	1913	1921	1932
