

Reaction test
type	A+B+C
number	1000

max value	65536
unit	us

test	A	B	C
0	47	58	23
1	258	247	271
2	775	764	788
3	358	346	370
4	729	707	719
5	981	992	1005
6	411	389	401
7	433	422	412
8	263	252	241
9	1016	10	21
10	773	794	784
11	362	373	386
12	300	310	289
13	373	351	363
14	749	760	773
15	611	633	623
16	404	416	428
17	744	755	733
18	885	874	863
19	431	421	410
20	561	572	550
21	177	166	190
22	945	956	934
23	91	80	104
24	553	530	543
25	1155	1164	1146
26	786	774	799
27	178	200	190
28	462	451	475
29	862	840	852
30	521	532	510
31	337	315	327
32	988	977	966
33	749	772	762
34	718	695	707
35	236	258	247
36	428	416	440
37	278	255	267
38	693	682	706
39	492	481	471
40	815	836	826
41	421	440	430
42	62	51	75
43	742	721	732
44	312	301	324
45	815	826	805
46	611	600	624
47	688	677	700
48	467	456	446
49	890	868	879
50	170	159	148
51	680	658	670
52	341	352	331
53	18	1012	7
54	732	720	745
55	685	707	696
56	527	537	515
57	595	606	584
58	18	1012	7
59	589	599	578
60	478	499	489
61	984	973	961
62	231	208	220
63	269	280	292
64	886	865	876
65	694	683	707
66	467	455	479
67	120	131	144
68	965	943	955
69	469	479	458
70	360	372	384
71	489	480	470
72	276	265	289
73	336	348	360
74	203	181	193
75	138	116	128
76	673	651	663
77	293	282	272
78	859	848	872
79	187	165	177
80	127	105	117
81	353	330	342
82	146	135	124
83	454	477	466
84	667	645	657
85	35	55	45
86	950	938	962
87	471	448	460
88	588	611	601
89	652	663	641
90	665	676	654
91	795	784	773
92	559	536	548
93	55	66	44
94	638	650	627
95	695	676	685
96	248	226	238
97	742	754	767
98	293	283	271
99	425	414	403
100	313	302	291
101	844	867	857
102	226	237	215
103	94	83	107
104	642	629	655
105	191	201	179
106	966	976	954
107	69	58	46
108	329	320	311
109	877	899	889
110	579	589	567
111	127	104	117
112	951	939	964
113	229	240	218
114	94	105	83
115	471	460	484
116	107	96	85
117	309	332	322
118	858	869	882
119	1019	1009	998
120	81	103	93
121	267	245	257
122	103	81	92
123	147	124	137
124	399	389	378
125	721	710	699
126	142	131	120
127	235	258	248
128	75	85	63
129	209	186	198
130	337	359	349
131	904	916	928
132	579	590	603
133	815	804	794
134	480	458	470
135	939	928	918
136	962	951	940
137	1011	21	11
138	571	581	560
139	169	158	182
140	384	373	362
141	723	701	712
142	669	647	659
143	548	559	572
144	480	458	469
145	695	706	684
146	508	520	532
147	511	522	500
148	391	379	404
149	596	585	574
150	854	842	866
151	814	803	793
152	893	905	916
153	758	747	771
154	682	660	671
155	765	777	789
156	279	268	257
157	350	338	363
158	180	193	169
159	616	627	605
160	329	351	341
161	92	103	81
162	832	820	844
163	224	235	214
164	268	279	257
165	234	223	247
166	388	398	377
167	568	579	592
168	343	321	333
169	321	332	310
170	588	597	578
171	752	740	767
172	741	729	753
173	302	291	280
174	268	279	257
175	674	696	686
176	817	829	841
177	465	454	443
178	51	62	75
179	242	254	266
180	11	33	23
181	54	32	44
182	757	768	746
183	290	279	269
184	643	623	633
185	405	393	418
186	757	768	781
187	671	660	649
188	535	557	547
189	696	707	720
190	312	323	301
191	135	146	124
192	8	1014	1028
193	333	344	322
194	659	637	649
195	706	695	719
196	258	247	236
197	330	320	340
198	504	515	493
199	105	117	130
200	505	483	495
201	158	146	171
202	610	599	588
203	788	808	798
204	572	581	563
205	567	556	580
206	592	581	570
207	7	19	32
208	962	972	950
209	62	39	51
210	781	759	771
211	913	935	925
212	122	99	112
213	549	560	538
214	363	341	353
215	530	520	509
216	615	603	628
217	69	81	94
218	800	777	789
219	87	67	77
220	409	390	399
221	679	701	691
222	113	136	126
223	963	972	953
224	506	495	484
225	327	317	305
226	560	548	573
227	417	428	441
228	1007	1017	996
229	902	914	926
230	719	730	708
231	1021	999	1011
232	919	907	931
233	271	293	283
234	449	438	462
235	25	36	15
236	811	789	801
237	28	39	16
238	560	571	549
239	716	725	707
240	231	220	209
241	444	466	456
242	98	86	111
243	35	26	46
244	163	151	175
245	631	654	644
246	463	452	441
247	118	129	107
248	528	517	506
249	434	457	446
250	643	620	632
251	827	849	839
252	377	367	356
253	781	791	770
254	441	430	419
255	546	536	527
256	417	428	441
257	877	855	866
258	719	730	708
259	761	772	784
260	720	743	733
261	437	413	426
262	30	41	19
263	340	352	365
264	17	39	29
265	915	925	903
266	612	601	590
267	284	273	297
268	613	593	603
269	335	313	325
270	598	587	611
271	93	104	117
272	111	100	89
273	713	701	725
274	806	795	819
275	602	613	591
276	815	804	793
277	247	225	237
278	456	445	469
279	160	149	138
280	114	92	104
281	46	57	35
282	313	302	290
283	653	642	666
284	419	396	408
285	352	341	365
286	600	589	578
287	834	856	846
288	1017	1005	11
289	851	862	875
290	192	203	216
291	2317	2328	2339
292	573	550	562
293	24	35	13
294	196	185	175
295	1008	995	1021
296	440	418	430
297	320	331	344
298	427	449	439
299	27	38	16
300	916	927	906
301	581	604	593
302	307	298	318
303	78	69	88
304	754	743	732
305	664	642	653
306	663	672	650
307	11	1019	23
308	568	546	558
309	913	925	937
310	401	379	391
311	913	891	902
312	942	953	966
313	946	924	936
314	542	531	555
315	7	19	1033
316	353	342	366
317	549	561	574
318	401	412	390
319	974	985	963
320	441	429	453
321	597	608	586
322	43	54	32
323	6	1012	18
324	530	510	520
325	446	436	425
326	816	807	797
327	81	93	106
328	773	784	796
329	436	413	425
330	756	766	745
331	499	488	478
332	743	721	733
333	313	324	303
334	863	852	841
335	744	734	723
336	686	697	676
337	680	669	693
338	786	797	809
339	390	368	379
340	270	281	260
341	121	99	111
342	140	151	129
343	941	919	930
344	857	868	881
345	318	307	296
346	33	22	11
347	938	926	950
348	620	609	633
349	668	680	693
350	370	359	348
351	314	303	292
352	628	639	616
353	447	425	437
354	432	420	445
355	28	40	53
356	556	545	534
357	241	250	231
358	596	608	621
359	647	627	637
360	661	672	650
361	140	151	129
362	927	907	917
363	304	327	316
364	639	629	651
365	21	32	45
366	812	825	838
367	169	149	159
368	747	769	759
369	864	886	876
370	900	911	924
371	356	366	345
372	634	623	612
373	887	898	911
374	713	702	691
375	774	794	784
376	977	997	987
377	594	570	583
378	747	724	737
379	995	984	973
380	731	709	721
381	32	43	56
382	29	40	53
383	746	736	757
384	569	559	547
385	2110	2074	2099
386	286	275	264
387	979	968	956
388	983	960	973
389	705	694	682
390	32	21	45
391	275	251	265
392	145	156	169
393	211	220	201
394	841	820	831
395	395	415	405
396	895	885	876
397	657	665	647
398	748	760	772
399	341	364	353
400	533	522	512
401	34	23	13
402	986	976	965
403	157	168	181
404	94	106	119
405	58	47	36
406	13	32	22
407	1021	1011	999
408	901	888	914
409	430	441	418
410	560	572	585
411	804	792	817
412	188	176	201
413	947	936	960
414	108	120	132
415	310	287	299
416	498	520	509
417	865	854	843
418	31	20	9
419	658	646	671
420	759	747	772
421	644	620	633
422	516	527	505
423	605	616	594
424	698	676	688
425	430	441	454
426	388	410	400
427	636	625	614
428	219	208	232
429	577	555	567
430	715	704	694
431	206	195	184
432	399	422	412
433	928	918	909
434	327	350	340
435	21	11	1037
436	660	672	685
437	96	109	122
438	593	605	618
439	121	131	142
440	768	780	793
441	291	279	304
442	339	351	363
443	94	105	118
444	531	509	521
445	777	789	801
446	593	615	605
447	917	928	907
448	508	519	496
449	234	212	224
450	223	201	213
451	427	417	408
452	694	716	705
453	826	849	838
454	992	1002	981
455	309	297	322
456	356	345	334
457	487	476	465
458	92	104	116
459	412	403	423
460	35	58	47
461	286	275	265
462	811	822	835
463	145	167	157
464	470	480	459
465	706	695	719
466	776	787	766
467	198	177	188
468	472	461	485
469	866	855	844
470	633	644	622
471	165	154	143
472	254	241	267
473	97	86	110
474	287	278	268
475	561	550	574
476	795	773	785
477	1004	1015	993
478	176	165	189
479	890	901	879
480	100	111	123
481	818	806	830
482	432	443	456
483	687	698	676
484	144	122	133
485	128	116	140
486	475	453	464
487	81	70	94
488	343	365	355
489	443	454	467
490	99	88	112
491	253	263	242
492	335	324	348
493	312	301	291
494	186	197	210
495	419	397	409
496	701	723	713
497	877	855	867
498	416	393	406
499	747	758	736
500	645	623	635
501	741	752	731
502	323	332	343
503	579	557	569
504	69	80	93
505	433	421	445
506	708	697	721
507	994	1004	983
508	218	207	231
509	387	377	366
510	5	1006	1019
511	754	763	773
512	50	61	38
513	595	606	584
514	741	718	730
515	874	852	864
516	176	199	188
517	238	249	226
518	588	599	577
519	109	118	97
520	732	743	721
521	19	7	32
522	222	233	246
523	220	230	209
524	390	379	368
525	554	577	566
526	837	814	827
527	879	890	868
528	767	787	777
529	503	514	492
530	235	224	213
531	446	435	459
532	319	330	343
533	928	906	918
534	675	663	687
535	704	682	694
536	363	352	341
537	435	446	424
538	867	844	857
539	294	306	319
540	902	914	926
541	271	281	260
542	60	49	39
543	124	135	147
544	17	39	29
545	602	580	591
546	508	497	521
547	233	244	222
548	567	545	557
549	179	189	168
550	239	217	229
551	618	629	642
552	109	87	99
553	330	341	319
554	211	234	224
555	636	625	649
556	366	344	355
557	164	153	177
558	906	928	918
559	73	84	63
560	105	114	96
561	746	736	725
562	878	888	867
563	940	951	929
564	193	182	172
565	625	614	604
566	619	608	632
567	820	809	833
568	819	830	843
569	757	746	770
570	976	985	995
571	26	48	38
572	754	732	744
573	748	737	760
574	643	621	633
575	651	662	640
576	969	958	947
577	534	556	546
578	393	403	382
579	626	637	616
580	43	53	32
581	934	911	923
582	220	231	210
583	502	513	526
584	734	711	723
585	243	221	233
586	675	686	664
587	232	221	211
588	717	728	706
589	134	156	146
590	776	766	755
591	593	582	606
592	556	567	580
593	390	380	369
594	799	810	788
595	142	131	155
596	535	545	524
597	43	53	32
598	460	449	473
599	440	429	418
600	329	308	319
601	135	146	159
602	780	802	792
603	513	523	502
604	958	969	948
605	486	497	509
606	451	429	441
607	438	449	427
608	571	560	584
609	874	863	886
610	488	466	477
611	1003	1026	1016
612	593	573	583
613	361	372	348
614	289	267	279
615	312	302	291
616	781	759	771
617	473	462	451
618	368	358	349
619	549	571	561
620	106	118	130
621	799	809	788
622	526	537	550
623	73	95	85
624	541	519	531
625	322	300	311
626	387	399	411
627	182	172	161
628	687	709	699
629	503	492	482
630	497	508	487
631	837	847	826
632	291	302	281
633	591	569	581
634	518	496	508
635	97	108	87
636	798	809	822
637	941	951	930
638	509	531	521
639	630	618	642
640	28	6	18
641	672	683	696
642	641	661	651
643	832	855	844
644	564	576	588
645	563	540	552
646	940	928	953
647	98	74	88
648	427	449	439
649	826	847	837
650	40	17	29
651	783	771	796
652	788	776	800
653	847	827	837
654	402	380	392
655	525	516	506
656	416	405	429
657	939	927	951
658	947	969	959
659	392	370	382
660	143	132	121
661	768	779	758
662	727	715	740
663	572	595	585
664	5984	5993	5975
665	150	141	132
666	47	37	25
667	954	965	943
668	503	481	493
669	871	849	861
670	522	533	511
671	236	226	247
672	92	104	117
673	553	542	531
674	376	366	355
675	552	563	541
676	238	219	228
677	207	230	219
678	336	359	349
679	704	693	717
680	323	312	301
681	519	530	509
682	934	944	923
683	738	758	748
684	654	642	667
685	952	974	964
686	209	231	221
687	667	647	657
688	977	966	990
689	392	381	405
690	152	140	164
691	657	668	646
692	147	158	136
693	358	336	348
694	945	956	935
695	90	112	101
696	369	346	358
697	602	622	612
698	13	1016	24
699	400	411	424
700	114	92	104
701	305	282	295
702	297	308	286
703	137	125	150
704	31	21	10
705	459	448	437
706	435	413	425
707	425	436	413
708	765	754	743
709	468	458	446
710	826	814	839
711	697	708	686
712	866	843	855
713	843	821	833
714	536	525	514
715	295	272	284
716	300	313	325
717	447	459	472
718	121	112	102
719	222	232	211
720	242	219	231
721	756	745	734
722	234	254	244
723	222	198	212
724	344	333	321
725	371	359	384
726	75	86	99
727	666	644	656
728	623	610	599
729	527	517	506
730	1004	10	1017
731	118	96	108
732	297	319	309
733	833	844	822
734	1011	1000	1024
735	895	906	884
736	448	436	460
737	693	670	682
738	808	830	820
739	173	184	162
740	993	1004	982
741	355	344	368
742	102	91	80
743	586	563	575
744	190	209	199
745	554	531	543
746	480	492	505
747	582	571	560
748	621	612	602
749	356	334	346
750	204	192	217
751	48	38	29
752	643	655	632
753	528	539	517
754	131	120	109
755	706	695	719
756	118	129	106
757	920	909	898
758	617	629	642
759	76	99	88
760	814	837	827
761	32	22	10
762	518	506	531
763	225	248	237
764	410	431	421
765	430	452	442
766	322	333	311
767	358	347	336
768	720	731	709
769	184	173	162
770	183	172	161
771	1005	1016	11
772	69	60	50
773	635	657	647
774	692	703	681
775	423	412	401
776	645	634	623
777	1008	7	18
778	167	190	179
779	428	439	417
780	698	676	688
781	971	960	984
782	36	25	14
783	443	466	456
784	617	595	607
785	824	801	813
786	592	582	603
787	522	531	513
788	9	31	21
789	363	351	376
790	321	330	341
791	617	594	607
792	303	325	315
793	186	175	199
794	610	619	600
795	608	630	620
796	967	989	979
797	442	453	430
798	74	62	87
799	182	193	171
800	986	997	975
801	453	431	443
802	107	118	95
803	855	867	844
804	599	588	577
805	163	152	141
806	55	44	33
807	559	536	548
808	1009	986	998
809	1006	7	19
810	106	94	118
811	814	837	826
812	822	831	813
813	852	840	864
814	323	311	336
815	389	400	378
816	248	259	237
817	327	317	306
818	224	212	236
819	867	890	879
820	962	973	951
821	758	736	748
822	290	268	280
823	827	849	839
824	967	979	991
825	1002	992	1012
826	937	948	926
827	625	603	615
828	222	233	245
829	673	683	661
830	249	237	262
831	264	253	242
832	330	342	355
833	670	659	683
834	344	322	334
835	268	257	281
836	201	191	179
837	372	362	350
838	568	557	581
839	765	743	755
840	658	669	647
841	590	579	568
842	74	64	53
843	972	994	984
844	613	625	602
845	45	33	57
846	422	400	411
847	26	14	39
848	487	464	476
849	557	568	546
850	920	930	908
851	371	383	395
852	532	520	544
853	115	104	128
854	87	76	65
855	747	758	736
856	814	804	793
857	31	42	20
858	676	665	690
859	927	915	941
860	296	307	320
861	547	536	525
862	304	313	324
863	491	479	503
864	126	115	105
865	665	676	654
866	766	744	756
867	656	645	634
868	210	232	222
869	945	934	958
870	618	607	631
871	540	530	519
872	817	829	841
873	566	543	555
874	298	308	287
875	944	955	933
876	281	259	271
877	128	117	141
878	598	609	587
879	436	414	426
880	425	414	404
881	740	730	719
882	632	621	645
883	617	627	606
884	69	81	94
885	378	367	356
886	387	398	411
887	419	442	432
888	166	155	144
889	942	962	952
890	812	801	790
891	742	731	755
892	504	493	483
893	61	72	50
894	246	257	236
895	803	813	792
896	197	186	176
897	532	510	522
898	772	794	783
899	985	963	975
900	94	116	106
901	861	871	850
902	496	485	475
903	92	114	104
904	824	846	836
905	957	979	968
906	421	432	410
907	253	241	265
908	967	957	946
909	445	423	434
910	749	738	727
911	423	445	435
912	895	906	919
913	597	586	575
914	560	538	550
915	873	852	863
916	530	519	542
917	253	242	232
918	191	213	203
919	739	717	729
920	72	61	51
921	817	796	807
922	538	516	528
923	38	26	48
924	436	414	426
925	892	870	881
926	461	472	450
927	926	904	916
928	852	841	865
929	795	786	805
930	481	493	505
931	975	997	987
932	799	788	812
933	224	235	213
934	326	338	351
935	995	1006	984
936	561	571	550
937	397	374	386
938	208	218	197
939	19	8	1033
940	957	967	946
941	349	337	361
942	841	819	831
943	484	462	474
944	886	875	899
945	113	124	102
946	452	462	440
947	24	43	33
948	482	460	472
949	251	229	241
950	557	535	547
951	458	447	471
952	20	1017	9
953	20	9	33
954	168	191	180
955	499	510	523
956	694	716	706
957	535	558	547
958	805	794	783
959	646	657	635
960	476	488	500
961	793	782	806
962	404	382	394
963	732	755	744
964	287	276	265
965	612	632	622
966	983	971	995
967	393	415	404
968	99	88	112
969	22	11	35
970	504	493	482
971	297	286	275
972	1005	983	995
973	323	311	336
974	33	11	23
975	1007	996	1020
976	63	74	52
977	83	93	72
978	542	533	552
979	416	427	405
980	222	233	246
981	807	817	796
982	530	508	520
983	595	584	608
984	428	417	406
985	302	313	291
986	758	747	771
987	791	780	769
988	419	430	408
989	877	855	867
990	445	435	456
991	842	853	831
992	517	528	540
993	55	44	33
994	289	311	301
995	74	86	98
996	387	364	376
997	933	958	948
998	86	97	110
999	883	873	862
